15
 -8340 -5834 8442 6027
 -2910 -9323 8472 4236
 -7711 -7254 3843 4375
 -14389 -2217 567 9636
 -14899 -12629 4776 7917
 -3848 -9650 4799 5680
 -12438 -1525 8360 710
 -13573 -18699 6481 202
 -12941 -3429 9571 7781
 -17609 -2663 8700 9786
 -10783 -4114 8009 4614
 -9823 -4496 6788 1182
 -5723 -7376 5820 1433
 -9476 -1134 7586 5218
 -18314 -11990 4736 2645
15
 -16667 -4625 7369 4561
 -16048 -8840 1352 187
 -13844 -7832 1496 6120
 -15930 -7847 3864 9437
 -1996 -6518 4499 3595
 -7926 -11532 9023 6976
 -18450 -19250 9698 6667
 -7105 -6747 1709 2103
 -13147 -17843 7506 3154
 -8033 -13034 3250 5701
 -19696 -11500 6342 9883
 -841 -18393 6527 2088
 -7476 -17179 9952 6531
 -8565 -15295 4143 4663
 -10760 -15477 6235 1589
15
 -13560 -18223 6747 6563
 -13986 -17653 7783 1965
 -1033 -12931 6625 8209
 -20206 -18495 6228 8379
 -6685 -18515 9719 9764
 -2495 -10884 5096 9767
 -19342 -8094 4511 7392
 -20074 -19681 4417 2828
 -419 -18022 3594 2961
 -10633 -18052 6886 3179
 -2449 -11998 9182 641
 -16042 -6300 5651 5666
 -2764 -15048 5089 5232
 -1706 -18559 9211 5759
 -18781 -1449 2777 3185
15
 -20292 -6813 8423 1317
 -7227 -5811 8413 2894
 -15061 -16731 3978 5865
 -9160 -20072 1649 8289
 -12909 -20387 1464 6778
 -8816 -14953 7037 7351
 -14575 -775 4332 2487
 -4996 -8682 3960 5920
 -2130 -8762 6389 2230
 -2222 -968 6800 4471
 -11283 -3147 9785 6994
 -18103 -14391 7670 8137
 -12048 -12362 6754 8811
 -15367 -8577 3132 8817
 -709 -6298 5884 7252
15
 -6972 -10215 5332 9560
 -15761 -7293 3948 4238
 -7808 -8063 4748 191
 -10854 -14306 7160 6601
 -14585 -14542 3834 6180
 -5138 -11701 8784 1354
 -18377 -14374 923 5699
 -13232 -8381 5518 5743
 -19795 -7104 9689 6521
 -13909 -11647 2212 8965
 -17590 -12955 972 4358
 -327 -2214 2603 8061
 -9484 -6066 4479 1002
 -18444 -1650 3523 7142
 -10872 -24 8411 1494
15
 -1954 -2702 375 1624
 -10072 -7875 1668 1238
 -4526 -3114 8649 8073
 -12057 -8827 1399 4071
 -19803 -19067 9825 6974
 -12837 -11194 4200 7220
 -19447 -2737 3654 9755
 -20143 -2954 2307 117
 -4816 -13110 9441 7299
 -5121 -16968 3394 5210
 -10456 -19370 3389 1999
 -16807 -20104 1709 7936
 -10991 -15897 8745 3453
 -1145 -1474 6082 7044
 -8262 -19831 7836 1646
15
 -10241 -7754 503 5772
 -6164 -15611 9923 9342
 -15009 -7908 6790 5356
 -2780 -8400 7508 7301
 -728 -14094 5542 3982
 -16133 -16185 2224 1861
 -16003 -1140 5695 7395
 -11223 -10437 9702 2274
 -6544 -15274 852 580
 -19328 -11585 4878 3117
 -2438 -6220 9764 3777
 -7832 -16805 5424 246
 -2978 -19106 7438 6793
 -10680 -11190 6770 5365
 -8049 -2117 7146 9903
15
 -10867 -16041 4560 6630
 -1917 -15090 1372 206
 -15788 -4950 8815 3200
 -1958 -12629 6457 5883
 -13833 -3461 5197 6289
 -20482 -2609 3118 2735
 -11769 -4137 8853 1856
 -6558 -967 4561 6874
 -10582 -16069 7887 9473
 -15784 -5513 8802 2539
 -14058 -16114 9574 5182
 -10821 -19958 7115 2074
 -17335 -11785 7304 3741
 -7246 -10988 2148 2776
 -16664 -8464 8075 8638
15
 -5181 -18076 6748 5173
 -14812 -17778 1749 7168
 -6054 -12371 4631 5654
 -3269 -16729 2048 1448
 -17105 -10487 1248 3556
 -5693 -1221 304 7653
 -5183 -5149 925 9037
 -16029 -18775 7492 5521
 -5496 -8512 456 9619
 -16199 -14499 2869 2408
 -6611 -18429 630 164
 -9102 -1444 92 6699
 -3420 -4401 9843 2817
 -6074 -8472 1816 639
 -9988 -10536 5804 9774
15
 -4352 -2530 6064 3381
 -16010 -788 4551 2317
 -2482 -1039 4922 9413
 -5827 -4113 4861 6304
 -5970 -2575 4981 2930
 -3185 -3095 1943 6178
 -4643 -20212 9742 3472
 -2821 -17449 7804 9818
 -307 -10685 7535 4973
 -20401 -7385 2694 3685
 -12075 -17679 4282 8221
 -14383 -16595 4011 5113
 -18012 -15889 9806 978
 -12165 -2823 5692 9729
 -13445 -803 7888 9065
0

